===== birds5 =====
Adjacency Matrix (Upper triangle)
	# should be 1 : 1370
	# should be 0 : 7023
	# 1 -> 0      : 417
	# 0 -> 1      : 1800
	1 -> 0        : 0.304
	0 -> 1        : 0.256
	Edge error    : 0.264
Adjacency Matrix (Accounts for Duplication, Upper triangle)
	# should be 1 : 1471
	# should be 0 : 7529
	# 1 -> 0      : 447
	# 0 -> 1      : 1920
	1 -> 0        : 0.304
	0 -> 1        : 0.255
	Edge error    : 0.263
Question
	# unique questions  : 8393
	# questions         : 9000
	# correct questions : 6633
	# wrong questions   : 2367
	Question error      : 0.263
Time per question (in second)
	Mean      : 4.779
	Median    : 3.159
	Std. Dev. : 10.550

Edge Density Matrix
[[0.59498208 0.36814159 0.29151292 0.13043478 0.13018868 0.22737819]
 [0.36814159 0.66176471 0.64615385 0.15602837 0.21428571 0.218107  ]
 [0.29151292 0.64615385 0.75       0.16470588 0.16182573 0.2192623 ]
 [0.13043478 0.15602837 0.16470588 0.72       0.16929134 0.21939954]
 [0.13018868 0.21428571 0.16182573 0.16929134 0.80578512 0.24880383]
 [0.22737819 0.218107   0.2192623  0.21939954 0.24880383 0.24293785]]
Count Matrix
[[558. 565. 542. 506. 530.]
 [565. 544. 520. 564. 546.]
 [542. 520. 552. 510. 482.]
 [506. 564. 510. 450. 508.]
 [530. 546. 482. 508. 484.]]
VI after spectral clustering:
1.179
