===== birds5 =====
Adjacency Matrix (Upper triangle)
	# should be 1 : 2447
	# should be 0 : 13066
	# 1 -> 0      : 1122
	# 0 -> 1      : 2470
	1 -> 0        : 0.459
	0 -> 1        : 0.189
	Edge error    : 0.232
Adjacency Matrix (Accounts for Duplication, Upper triangle)
	# should be 1 : 2842
	# should be 0 : 15158
	# 1 -> 0      : 1309
	# 0 -> 1      : 2882
	1 -> 0        : 0.461
	0 -> 1        : 0.190
	Edge error    : 0.233
Question
	# unique questions  : 5998
	# questions         : 6000
	# correct questions : 2655
	# wrong questions   : 3345
	Question error      : 0.557
Time per question (in second)
	Mean      : 7.024
	Median    : 4.538
	Std. Dev. : 14.937

Edge Density Matrix
[[0.39738806 0.23899371 0.19202899 0.10683012 0.11079812 0.14502165]
 [0.23899371 0.48       0.42371324 0.10934579 0.13071298 0.15492958]
 [0.19202899 0.42371324 0.55093555 0.10636277 0.11909449 0.13997628]
 [0.10683012 0.10934579 0.10636277 0.53473684 0.13804004 0.12938596]
 [0.11079812 0.13071298 0.11909449 0.13804004 0.6119403  0.17865429]
 [0.14502165 0.15492958 0.13997628 0.12938596 0.17865429 0.15168539]]
Count Matrix
[[1072. 1113. 1104. 1142. 1065.]
 [1113. 1050. 1088. 1070. 1094.]
 [1104. 1088.  962. 1053. 1016.]
 [1142. 1070. 1053.  950.  949.]
 [1065. 1094. 1016.  949.  938.]]
VI after spectral clustering:
1.069
