===== birds5 =====
Adjacency Matrix (Upper triangle)
	# should be 1 : 3600
	# should be 0 : 18033
	# 1 -> 0      : 1973
	# 0 -> 1      : 3760
	1 -> 0        : 0.548
	0 -> 1        : 0.209
	Edge error    : 0.265
Adjacency Matrix (Accounts for Duplication, Upper triangle)
	# should be 1 : 4462
	# should be 0 : 22538
	# 1 -> 0      : 2466
	# 0 -> 1      : 4746
	1 -> 0        : 0.553
	0 -> 1        : 0.211
	Edge error    : 0.267
Question
	# unique questions  : 4500
	# questions         : 4500
	# correct questions : 641
	# wrong questions   : 3859
	Question error      : 0.858
Time per question (in second)
	Mean      : 9.914
	Median    : 5.586
	Std. Dev. : 26.283

Edge Density Matrix
[[0.32242424 0.18970862 0.19188667 0.13518758 0.12483829 0.14449213]
 [0.18970862 0.3886693  0.31798107 0.14205955 0.16186389 0.15410726]
 [0.19188667 0.31798107 0.38577291 0.13527508 0.16423841 0.15256798]
 [0.13518758 0.14205955 0.13527508 0.43363995 0.15115512 0.16705158]
 [0.12483829 0.16186389 0.16423841 0.15115512 0.45359477 0.16066282]
 [0.14449213 0.15410726 0.15256798 0.16705158 0.16066282 0.17230274]]
Count Matrix
[[1650. 1613. 1553. 1546. 1546.]
 [1613. 1518. 1585. 1612. 1631.]
 [1553. 1585. 1462. 1545. 1510.]
 [1546. 1612. 1545. 1522. 1515.]
 [1546. 1631. 1510. 1515. 1530.]]
VI after spectral clustering:
1.282
