===== birds5 =====
Adjacency Matrix (Upper triangle)
	# should be 1 : 1408
	# should be 0 : 6933
	# 1 -> 0      : 674
	# 0 -> 1      : 635
	1 -> 0        : 0.479
	0 -> 1        : 0.092
	Edge error    : 0.157
Adjacency Matrix (Accounts for Duplication, Upper triangle)
	# should be 1 : 1541
	# should be 0 : 7459
	# 1 -> 0      : 749
	# 0 -> 1      : 674
	1 -> 0        : 0.486
	0 -> 1        : 0.090
	Edge error    : 0.158
Question
	# unique questions  : 8341
	# questions         : 9000
	# correct questions : 7577
	# wrong questions   : 1423
	Question error      : 0.158
Time per question (in second)
	Mean      : 6.694
	Median    : 4.816
	Std. Dev. : 13.259

Edge Density Matrix
[[0.45551601 0.12834225 0.08741259 0.04802744 0.03558719 0.05647059]
 [0.12834225 0.40221402 0.35661765 0.0407767  0.05729167 0.05910165]
 [0.08741259 0.35661765 0.50883392 0.04251012 0.05       0.06635071]
 [0.04802744 0.0407767  0.04251012 0.58426966 0.05360825 0.0817942 ]
 [0.03558719 0.05729167 0.05       0.05360825 0.63736264 0.08851675]
 [0.05647059 0.05910165 0.06635071 0.0817942  0.08851675 0.13855422]]
Count Matrix
[[562. 561. 572. 583. 562.]
 [561. 542. 544. 515. 576.]
 [572. 544. 566. 494. 500.]
 [583. 515. 494. 534. 485.]
 [562. 576. 500. 485. 546.]]
VI after spectral clustering:
1.050
