===== birds5 =====
Adjacency Matrix (Upper triangle)
	# should be 1 : 2639
	# should be 0 : 12903
	# 1 -> 0      : 1200
	# 0 -> 1      : 1196
	1 -> 0        : 0.455
	0 -> 1        : 0.093
	Edge error    : 0.154
Adjacency Matrix (Accounts for Duplication, Upper triangle)
	# should be 1 : 3078
	# should be 0 : 14922
	# 1 -> 0      : 1394
	# 0 -> 1      : 1380
	1 -> 0        : 0.453
	0 -> 1        : 0.092
	Edge error    : 0.154
Question
	# unique questions  : 5999
	# questions         : 6000
	# correct questions : 3257
	# wrong questions   : 2743
	Question error      : 0.457
Time per question (in second)
	Mean      : 10.140
	Median    : 7.337
	Std. Dev. : 17.239

Edge Density Matrix
[[0.41074523 0.1284491  0.09891107 0.03435469 0.04454976 0.04903079]
 [0.1284491  0.41622575 0.28282828 0.04717854 0.04506232 0.07427938]
 [0.09891107 0.28282828 0.50094162 0.04263566 0.04766444 0.07281553]
 [0.03435469 0.04717854 0.04263566 0.54856115 0.06195547 0.06287787]
 [0.04454976 0.04506232 0.04766444 0.06195547 0.70436508 0.09318182]
 [0.04903079 0.07427938 0.07281553 0.06287787 0.09318182 0.11661808]]
Count Matrix
[[1154. 1051. 1102. 1077. 1055.]
 [1051. 1134. 1089. 1081. 1043.]
 [1102. 1089. 1062. 1032. 1049.]
 [1077. 1081. 1032. 1112. 1033.]
 [1055. 1043. 1049. 1033. 1008.]]
VI after spectral clustering:
0.730
