===== birds5 =====
Adjacency Matrix (Upper triangle)
	# should be 1 : 3651
	# should be 0 : 17900
	# 1 -> 0      : 1487
	# 0 -> 1      : 2119
	1 -> 0        : 0.407
	0 -> 1        : 0.118
	Edge error    : 0.167
Adjacency Matrix (Accounts for Duplication, Upper triangle)
	# should be 1 : 4566
	# should be 0 : 22434
	# 1 -> 0      : 1863
	# 0 -> 1      : 2668
	1 -> 0        : 0.408
	0 -> 1        : 0.119
	Edge error    : 0.168
Question
	# unique questions  : 4500
	# questions         : 4500
	# correct questions : 1168
	# wrong questions   : 3332
	Question error      : 0.740
Time per question (in second)
	Mean      : 14.667
	Median    : 10.508
	Std. Dev. : 20.090

Edge Density Matrix
[[0.41606715 0.13113839 0.11782297 0.05083732 0.05598571 0.08600337]
 [0.13113839 0.43127962 0.29820211 0.06008328 0.06542617 0.08379447]
 [0.11782297 0.29820211 0.51880674 0.06644737 0.06139241 0.07679181]
 [0.05083732 0.06008328 0.06644737 0.57509628 0.07622505 0.07220217]
 [0.05598571 0.06542617 0.06139241 0.07622505 0.6695122  0.09787234]
 [0.08600337 0.08379447 0.07679181 0.07220217 0.09787234 0.10810811]]
Count Matrix
[[1668. 1792. 1672. 1672. 1679.]
 [1792. 1688. 1613. 1681. 1666.]
 [1672. 1613. 1542. 1520. 1580.]
 [1672. 1681. 1520. 1558. 1653.]
 [1679. 1666. 1580. 1653. 1640.]]
VI after spectral clustering:
0.788
