===== birds5 =====
Adjacency Matrix (Upper triangle)
	# should be 1 : 2447
	# should be 0 : 13066
	# 1 -> 0      : 1122
	# 0 -> 1      : 2470
	1 -> 0        : 0.459
	0 -> 1        : 0.189
	Edge error    : 0.232
Adjacency Matrix (Accounts for Duplication, Upper triangle)
	# should be 1 : 2842
	# should be 0 : 15158
	# 1 -> 0      : 1309
	# 0 -> 1      : 2882
	1 -> 0        : 0.461
	0 -> 1        : 0.190
	Edge error    : 0.233
edge error rate mean = 0.233
edge error rate std = 0.003
Question
	# unique questions  : 5998
	# questions         : 6000
	# correct questions : 2655
	# wrong questions   : 3345
	Question error      : 0.557
Time per question (in second)
	Mean      : 7.024
	Median    : 4.538
	Std. Dev. : 14.937
Edge Density Matrix
[[0.5083682  0.27622015 0.22553191 0.12512821 0.12742981 0.16563659]
 [0.27622015 0.5814433  0.49516649 0.1273123  0.15180467 0.18078382]
 [0.22553191 0.49516649 0.65044248 0.1277081  0.13672316 0.16032609]
 [0.12512821 0.1273123  0.1277081  0.6398641  0.15745192 0.15108835]
 [0.12742981 0.15180467 0.13672316 0.15745192 0.73628938 0.20289855]
 [0.16563659 0.18078382 0.16032609 0.15108835 0.20289855 0.23723724]]
Count Matrix
[[896. 963. 940. 975. 926.]
 [963. 910. 931. 919. 942.]
 [940. 931. 846. 877. 885.]
 [975. 919. 877. 826. 832.]
 [926. 942. 885. 832. 800.]]
VI after spectral clustering:
[2.2138744590168464, 2.2138744590168464, 2.2138744590168464, 2.2138744590168464, 2.2138744590168464, 2.2138744590168464, 2.2138744590168464, 2.2138744590168464, 2.2138744590168464, 2.2138744590168464]
2.214 +/- 0.00000000

