===== birds5 =====
Adjacency Matrix (Upper triangle)
	# should be 1 : 1370
	# should be 0 : 7023
	# 1 -> 0      : 417
	# 0 -> 1      : 1800
	1 -> 0        : 0.304
	0 -> 1        : 0.256
	Edge error    : 0.264
Adjacency Matrix (Accounts for Duplication, Upper triangle)
	# should be 1 : 1471
	# should be 0 : 7529
	# 1 -> 0      : 447
	# 0 -> 1      : 1920
	1 -> 0        : 0.304
	0 -> 1        : 0.255
	Edge error    : 0.263
edge error rate mean = 0.263
edge error rate std = 0.005
Question
	# unique questions  : 8393
	# questions         : 9000
	# correct questions : 6633
	# wrong questions   : 2367
	Question error      : 0.263
Time per question (in second)
	Mean      : 4.779
	Median    : 3.159
	Std. Dev. : 10.550
Edge Density Matrix
[[0.67586207 0.38951311 0.31474104 0.14042553 0.13827655 0.24137931]
 [0.38951311 0.74733096 0.68711656 0.16955684 0.22986248 0.23348018]
 [0.31474104 0.68711656 0.82517483 0.17391304 0.17410714 0.23883929]
 [0.14042553 0.16955684 0.17391304 0.80549683 0.18259023 0.2375    ]
 [0.13827655 0.22986248 0.17410714 0.18259023 0.87475538 0.26598465]
 [0.24137931 0.23348018 0.23883929 0.2375     0.26598465 0.35416667]]
Count Matrix
[[520. 534. 502. 470. 499.]
 [534. 502. 489. 519. 509.]
 [502. 489. 514. 483. 448.]
 [470. 519. 483. 416. 471.]
 [499. 509. 448. 471. 454.]]
VI after spectral clustering:
[2.161542246673349, 2.161542246673349, 2.161542246673349, 2.161542246673349, 2.161542246673349, 2.161542246673349, 2.161542246673349, 2.161542246673349, 2.161542246673349, 2.161542246673349]
2.162 +/- 0.00000000

