===== birds5 =====
Adjacency Matrix (Upper triangle)
	# should be 1 : 3600
	# should be 0 : 18033
	# 1 -> 0      : 1973
	# 0 -> 1      : 3760
	1 -> 0        : 0.548
	0 -> 1        : 0.209
	Edge error    : 0.265
Adjacency Matrix (Accounts for Duplication, Upper triangle)
	# should be 1 : 4462
	# should be 0 : 22538
	# 1 -> 0      : 2466
	# 0 -> 1      : 4746
	1 -> 0        : 0.553
	0 -> 1        : 0.211
	Edge error    : 0.267
edge error rate mean = 0.267
edge error rate std = 0.003
Question
	# unique questions  : 4500
	# questions         : 4500
	# correct questions : 641
	# wrong questions   : 3859
	Question error      : 0.858
Time per question (in second)
	Mean      : 9.914
	Median    : 5.586
	Std. Dev. : 26.283
Edge Density Matrix
[[0.41985816 0.23323171 0.23726115 0.16587302 0.15729421 0.18181818]
 [0.23323171 0.50077042 0.39130435 0.18031496 0.20338983 0.19156118]
 [0.23726115 0.39130435 0.50080515 0.16868442 0.2063228  0.18967136]
 [0.16587302 0.18031496 0.16868442 0.55624515 0.19004149 0.20845341]
 [0.15729421 0.20338983 0.2063228  0.19004149 0.59650516 0.20763501]
 [0.18181818 0.19156118 0.18967136 0.20845341 0.20763501 0.25287356]]
Count Matrix
[[1350. 1312. 1256. 1260. 1227.]
 [1312. 1238. 1288. 1270. 1298.]
 [1256. 1288. 1184. 1239. 1202.]
 [1260. 1270. 1239. 1232. 1205.]
 [1227. 1298. 1202. 1205. 1202.]]
VI after spectral clustering:
[2.616114636131864, 2.616114636131864, 2.616114636131864, 2.616114636131864, 2.616114636131864, 2.616114636131864, 2.616114636131864, 2.616114636131864, 2.616114636131864, 2.616114636131864]
2.616 +/- 0.00000000

