===== birds5 =====
Adjacency Matrix (Upper triangle)
	# should be 1 : 2639
	# should be 0 : 12903
	# 1 -> 0      : 1200
	# 0 -> 1      : 1196
	1 -> 0        : 0.455
	0 -> 1        : 0.093
	Edge error    : 0.154
Adjacency Matrix (Accounts for Duplication, Upper triangle)
	# should be 1 : 3078
	# should be 0 : 14922
	# 1 -> 0      : 1394
	# 0 -> 1      : 1380
	1 -> 0        : 0.453
	0 -> 1        : 0.092
	Edge error    : 0.154
edge error rate mean = 0.154
edge error rate std = 0.003
Question
	# unique questions  : 5999
	# questions         : 6000
	# correct questions : 3257
	# wrong questions   : 2743
	Question error      : 0.457
Time per question (in second)
	Mean      : 10.140
	Median    : 7.337
	Std. Dev. : 17.239
Edge Density Matrix
[[0.52352941 0.14721919 0.11583422 0.04021739 0.05159166 0.05687831]
 [0.14721919 0.51252408 0.32800852 0.05402542 0.05251397 0.0860077 ]
 [0.11583422 0.32800852 0.6045082  0.04861878 0.05524862 0.08379888]
 [0.04021739 0.05402542 0.04861878 0.66766767 0.07256236 0.07172414]
 [0.05159166 0.05251397 0.05524862 0.07256236 0.81682641 0.10677083]
 [0.05687831 0.0860077  0.08379888 0.07172414 0.10677083 0.20061728]]
Count Matrix
[[960. 917. 941. 920. 911.]
 [917. 978. 939. 944. 895.]
 [941. 939. 918. 905. 905.]
 [920. 944. 905. 942. 882.]
 [911. 895. 905. 882. 882.]]
VI after spectral clustering:
[1.0547745952498868, 1.0547745952498868, 1.0547745952498868, 1.0547745952498868, 1.0547745952498868, 1.0547745952498868, 1.0547745952498868, 1.0547745952498868, 1.0547745952498868, 1.0547745952498868]
1.055 +/- 0.00000000

