===== birds5 =====
Adjacency Matrix (Upper triangle)
	# should be 1 : 5249
	# should be 0 : 25942
	# 1 -> 0      : 2305
	# 0 -> 1      : 2949
	1 -> 0        : 0.439
	0 -> 1        : 0.114
	Edge error    : 0.168
Adjacency Matrix (Accounts for Duplication, Upper triangle)
	# should be 1 : 7524
	# should be 0 : 37476
	# 1 -> 0      : 3328
	# 0 -> 1      : 4292
	1 -> 0        : 0.442
	0 -> 1        : 0.115
	Edge error    : 0.169
edge error rate mean = 0.831
edge error rate std = 0.002
Question
	# unique questions  : 3000
	# questions         : 3000
	# correct questions : 61
	# wrong questions   : 2939
	Question error      : 0.980
Time per question (in second)
	Mean      : 24.990
	Median    : 18.460
	Std. Dev. : 32.744
Edge Density Matrix
[[0.50701403 0.14818498 0.16179541 0.03867684 0.05251876 0.08379121]
 [0.14818498 0.54804948 0.38109913 0.04885655 0.08200213 0.1128591 ]
 [0.16179541 0.38109913 0.56742739 0.05027027 0.06543624 0.09328622]
 [0.03867684 0.04885655 0.05027027 0.7080292  0.11079383 0.12362031]
 [0.05251876 0.08200213 0.06543624 0.11079383 0.81155356 0.13737075]
 [0.08379121 0.1128591  0.09328622 0.12362031 0.13737075 0.2112    ]]
Count Matrix
[[1936. 2011. 1916. 1965. 1866.]
 [2011. 2042. 1947. 1924. 1878.]
 [1916. 1947. 1870. 1850. 1788.]
 [1965. 1924. 1850. 1724. 1751.]
 [1866. 1878. 1788. 1751. 1726.]]
VI after spectral clustering:
1.177 +/- 0.000

