===== birds5 =====
Adjacency Matrix (Upper triangle)
	# should be 1 : 5886
	# should be 0 : 30266
	# 1 -> 0      : 2262
	# 0 -> 1      : 4082
	1 -> 0        : 0.384
	0 -> 1        : 0.135
	Edge error    : 0.175
Adjacency Matrix (Accounts for Duplication, Upper triangle)
	# should be 1 : 9211
	# should be 0 : 47489
	# 1 -> 0      : 3570
	# 0 -> 1      : 6351
	1 -> 0        : 0.388
	0 -> 1        : 0.134
	Edge error    : 0.175
edge error rate mean = 0.825
edge error rate std = 0.002
Question
	# unique questions  : 2700
	# questions         : 2700
	# correct questions : 10
	# wrong questions   : 2690
	Question error      : 0.996
Time per question (in second)
	Mean      : 29.519
	Median    : 22.855
	Std. Dev. : 30.577
Edge Density Matrix
[[0.55772647 0.16903344 0.16860987 0.05950721 0.06869525 0.09907959]
 [0.16903344 0.58067457 0.43117978 0.07564225 0.0878119  0.14184009]
 [0.16860987 0.43117978 0.68455744 0.07865707 0.08508557 0.12355212]
 [0.05950721 0.07564225 0.07865707 0.73754317 0.13198459 0.14203565]
 [0.06869525 0.0878119  0.08508557 0.13198459 0.90958768 0.15280899]
 [0.09907959 0.14184009 0.12355212 0.14203565 0.15280899 0.18617021]]
Count Matrix
[[2192. 2183. 2230. 2151. 2169.]
 [2183. 2134. 2136. 2102. 2084.]
 [2230. 2136. 2066. 2085. 2045.]
 [2151. 2102. 2085. 1970. 2076.]
 [2169. 2084. 2045. 2076. 1956.]]
VI after spectral clustering:
1.361 +/- 0.000

