===== birds5 =====
Adjacency Matrix (Upper triangle)
	# should be 1 : 3651
	# should be 0 : 17900
	# 1 -> 0      : 1487
	# 0 -> 1      : 2119
	1 -> 0        : 0.407
	0 -> 1        : 0.118
	Edge error    : 0.167
Adjacency Matrix (Accounts for Duplication, Upper triangle)
	# should be 1 : 4566
	# should be 0 : 22434
	# 1 -> 0      : 1863
	# 0 -> 1      : 2668
	1 -> 0        : 0.408
	0 -> 1        : 0.119
	Edge error    : 0.168
edge error rate mean = 0.168
edge error rate std = 0.002
Question
	# unique questions  : 4500
	# questions         : 4500
	# correct questions : 1168
	# wrong questions   : 3332
	Question error      : 0.740
Time per question (in second)
	Mean      : 14.667
	Median    : 10.508
	Std. Dev. : 20.090
Edge Density Matrix
[[0.55851852 0.16845878 0.15049656 0.06319703 0.07170099 0.10569948]
 [0.16845878 0.55104895 0.37431907 0.07611153 0.08365311 0.10211946]
 [0.15049656 0.37431907 0.66408669 0.08218063 0.07735247 0.09375   ]
 [0.06319703 0.07611153 0.08218063 0.72471483 0.09805447 0.08547009]
 [0.07170099 0.08365311 0.07735247 0.09805447 0.84245077 0.12004175]
 [0.10569948 0.10211946 0.09375    0.08547009 0.12004175 0.18284424]]
Count Matrix
[[1290. 1395. 1309. 1345. 1311.]
 [1395. 1370. 1285. 1327. 1303.]
 [1309. 1285. 1234. 1229. 1254.]
 [1345. 1327. 1229. 1258. 1285.]
 [1311. 1303. 1254. 1285. 1314.]]
VI after spectral clustering:
[1.0594103616201698, 1.0594103616201698, 1.0594103616201698, 1.0594103616201698, 1.0594103616201698, 1.0594103616201698, 1.0594103616201698, 1.0594103616201698, 1.0594103616201698, 1.0594103616201698]
1.059 +/- 0.00000000

