===== birds5 =====
Adjacency Matrix (Upper triangle)
	# should be 1 : 4607
	# should be 0 : 22326
	# 1 -> 0      : 1948
	# 0 -> 1      : 2890
	1 -> 0        : 0.423
	0 -> 1        : 0.129
	Edge error    : 0.180
Adjacency Matrix (Accounts for Duplication, Upper triangle)
	# should be 1 : 6223
	# should be 0 : 29777
	# 1 -> 0      : 2621
	# 0 -> 1      : 3876
	1 -> 0        : 0.421
	0 -> 1        : 0.130
	Edge error    : 0.180
edge error rate mean = 0.820
edge error rate std = 0.002
Question
	# unique questions  : 3600
	# questions         : 3600
	# correct questions : 293
	# wrong questions   : 3307
	Question error      : 0.919
Time per question (in second)
	Mean      : 20.786
	Median    : 14.615
	Std. Dev. : 44.092
Edge Density Matrix
[[0.53516484 0.16847516 0.15748503 0.06536347 0.06905055 0.11538462]
 [0.16847516 0.5516129  0.36219081 0.0839832  0.09288299 0.1195122 ]
 [0.15748503 0.36219081 0.61710037 0.08641161 0.09235669 0.12292938]
 [0.06536347 0.0839832  0.08641161 0.70526316 0.11506141 0.12952061]
 [0.06905055 0.09288299 0.09235669 0.11506141 0.83406662 0.13945578]
 [0.11538462 0.1195122  0.12292938 0.12952061 0.13945578 0.1875    ]]
Count Matrix
[[1760. 1751. 1670. 1637. 1622.]
 [1751. 1800. 1698. 1667. 1658.]
 [1670. 1698. 1556. 1516. 1570.]
 [1637. 1667. 1516. 1558. 1547.]
 [1622. 1658. 1570. 1547. 1534.]]
VI after spectral clustering:
1.323 +/- 0.000

