===== birds5 =====
Adjacency Matrix (Upper triangle)
	# should be 1 : 1408
	# should be 0 : 6933
	# 1 -> 0      : 674
	# 0 -> 1      : 635
	1 -> 0        : 0.479
	0 -> 1        : 0.092
	Edge error    : 0.157
Adjacency Matrix (Accounts for Duplication, Upper triangle)
	# should be 1 : 1541
	# should be 0 : 7459
	# 1 -> 0      : 749
	# 0 -> 1      : 674
	1 -> 0        : 0.486
	0 -> 1        : 0.090
	Edge error    : 0.158
edge error rate mean = 0.158
edge error rate std = 0.004
Question
	# unique questions  : 8341
	# questions         : 9000
	# correct questions : 7577
	# wrong questions   : 1423
	Question error      : 0.158
Time per question (in second)
	Mean      : 6.694
	Median    : 4.816
	Std. Dev. : 13.259
Edge Density Matrix
[[0.5467128  0.13872832 0.09363296 0.05185185 0.03883495 0.06      ]
 [0.13872832 0.51481481 0.39034205 0.04402516 0.0619137  0.06426735]
 [0.09363296 0.39034205 0.58843537 0.04555315 0.0533049  0.07052897]
 [0.05185185 0.04402516 0.04555315 0.66969147 0.05803571 0.08659218]
 [0.03883495 0.0619137  0.0533049  0.05803571 0.73502722 0.09343434]
 [0.06       0.06426735 0.07052897 0.08659218 0.09343434 0.27428571]]
Count Matrix
[[518. 519. 534. 540. 515.]
 [519. 480. 497. 477. 533.]
 [534. 497. 530. 461. 469.]
 [540. 477. 461. 494. 448.]
 [515. 533. 469. 448. 494.]]
VI after spectral clustering:
[1.3514925057182776, 1.3514925057182776, 1.3514925057182776, 1.3514925057182776, 1.3514925057182776, 1.3514925057182776, 1.3514925057182776, 1.3514925057182776, 1.3514925057182776, 1.3514925057182776]
1.351 +/- 0.00000000

